min error
307.155695406
at
[11.173167506394458, 0.62471068911033734, 0.89153393358498156, 3.6306048055187676, 1.9861198374747169, 4.2476179965097005, 1.4115984530516614, 0.11793690908145545, 24.367320433955992, 4.7011851619680263, 2.0552233354915455, 0.47197592117125664, 0.40462086889613996, 17.031463522949498, 0.79539901805348612, 15.64766029729023, -2.9822233952711454, 0.19688824163916632]

min error
250.723621805
at
[36864088.79485362, -13253.213168935952, -0.24663031186033144, 0.24676411332905718, 41437365.115112066, 0.11830188049204979, -0.23048605787584084, -0.26777677867343758, 34220.272414202555, 0.52111274337896452, 8836762.5234700385, -0.23058097083925377, 0.267871695486668, 0.11839680062345732, -0.59908957430400123, 0.27299883896027793, -5.326621338030157, -0.34888284183776724]

